%YAML:1.0
---
project_matrix: !!opencv-matrix
   rows: 3
   cols: 3
   dt: d
   data: [ 2.4540424296191410e-01, 6.2291235720035154e-01,
       1.8914453815740728e+02, -9.3044618091407093e-03,
       9.2857813457649430e-01, 1.1354110722742143e+02,
       -1.1050538809969348e-05, 1.4681672367842591e-03, 1. ]