%YAML:1.0
---
project_matrix: !!opencv-matrix
   rows: 3
   cols: 3
   dt: d
   data: [ 4.3597698455065903e-01, 7.6868294835721573e-01,
       9.0198325106513657e+00, 1.8889305778871568e-03,
       1.1472643909128628e+00, 8.7972716512331914e+01,
       4.2488714168057220e-06, 1.8135069427287305e-03, 1. ]