%YAML:1.0
---
project_matrix: !!opencv-matrix
   rows: 3
   cols: 3
   dt: d
   data: [ 2.9791661370690647e-01, 7.1566135927362906e-01,
       1.6738972475821978e+02, 1.0334029789048411e-02,
       1.0049749290640977e+00, 9.1336845535715881e+01,
       4.6122770704041551e-05, 1.6409739181881681e-03, 1. ]
