%YAML:1.0
---
project_matrix: !!opencv-matrix
   rows: 3
   cols: 3
   dt: d
   data:[ 4.9806625796476633e-01, 7.5942065739018960e-01,
       -2.2544618126061163e+01, 2.5912546409247634e-02,
       1.1794155225754668e+00, 1.0127839457759535e+02,
       7.6594814124570092e-05, 1.7479240423466822e-03, 1. ]