%YAML:1.0
---
camera_matrix: !!opencv-matrix
   rows: 3
   cols: 3
   dt: d
   data: [ 1.0124609570845776e+03, 0., 9.9998807148204423e+02, 0.,
       1.0111681213222694e+03, 5.3588663846350664e+02, 0., 0., 1. ]
dist_coeffs: !!opencv-matrix
   rows: 4
   cols: 1
   dt: d
   data: [ -6.8786127544302175e-02, 6.3874599967987935e-03,
       -1.2332404934644704e-02, 2.5960965612189173e-03 ]
resolution: !!opencv-matrix
   rows: 2
   cols: 1
   dt: i
   data: [ 1920, 1080 ]
project_matrix: !!opencv-matrix
   rows: 3
   cols: 3
   dt: d
   data: [ 4.5653058275647601e-01, 6.5009456391445075e-01,
       2.2119713815191442e+01, 1.9491617491465635e-02,
       9.5782537438326576e-01, 8.9072189669235470e+01,
       6.8307325653709519e-05, 1.4867619990206690e-03, 1. ]
scale_xy: !!opencv-matrix
   rows: 2
   cols: 1
   dt: f
   data: [ 6.49999976e-01, 6.49999976e-01 ]
shift_xy: !!opencv-matrix
   rows: 2
   cols: 1
   dt: f
   data: [ -50., -150. ]
